#! FIELDS z.node-0 file.free uncertainty
#! SET sample_size 200000
#! SET effective_sample_size 64.1929
#! SET blocks_num 8
#! SET blocks_effective_num 2.3582
#! SET min_z.node-0 -10
#! SET max_z.node-0 10
#! SET nbins_z.node-0 1001
#! SET periodic_z.node-0 false
  -10.000000   1814.263551     4.172123
   -9.980000   1779.909563     4.172123
   -9.960000   1745.885383     4.172123
   -9.940000   1712.191010     4.172123
   -9.920000   1678.826441     4.172123
   -9.900000   1645.791677     4.172123
   -9.880000   1613.086716     4.172123
   -9.860000   1580.711556     4.172123
   -9.840000   1548.666195     4.172123
   -9.820000   1516.950632     4.172123
   -9.800000   1485.564864     4.172123
   -9.780000   1454.508891     4.172123
   -9.760000   1423.782709     4.172123
   -9.740000   1393.386316     4.172123
   -9.720000   1363.319711     4.172122
   -9.700000   1333.582890     4.172122
   -9.680000   1304.175851     4.172122
   -9.660000   1275.098590     4.172122
   -9.640000   1246.351105     4.172122
   -9.620000   1217.933393     4.172122
   -9.600000   1189.845448     4.172121
   -9.580000   1162.087269     4.172121
   -9.560000   1134.658850     4.172121
   -9.540000   1107.560188     4.172121
   -9.520000   1080.791277     4.172120
   -9.500000   1054.352113     4.172120
   -9.480000   1028.242690     4.172119
   -9.460000   1002.463002     4.172118
   -9.440000    977.013043     4.172118
   -9.420000    951.892807     4.172117
   -9.400000    927.102286     4.172116
   -9.380000    902.641473     4.172115
   -9.360000    878.510360     4.172113
   -9.340000    854.708938     4.172112
   -9.320000    831.237197     4.172110
   -9.300000    808.095128     4.172107
   -9.280000    785.282719     4.172105
   -9.260000    762.799960     4.172102
   -9.240000    740.646837     4.172099
   -9.220000    718.823338     4.172095
   -9.200000    697.329447     4.172090
   -9.180000    676.165150     4.172085
   -9.160000    655.330430     4.172079
   -9.140000    634.825269     4.172071
   -9.120000    614.649648     4.172063
   -9.100000    594.803547     4.172053
   -9.080000    575.286943     4.172042
   -9.060000    556.099812     4.172029
   -9.040000    537.242129     4.172014
   -9.020000    518.713867     4.171996
   -9.000000    500.514996     4.171976
   -8.980000    482.645483     4.171952
   -8.960000    465.105295     4.171924
   -8.940000    447.894394     4.171892
   -8.920000    431.012742     4.171855
   -8.900000    414.460294     4.171812
   -8.880000    398.237006     4.171761
   -8.860000    382.342828     4.171703
   -8.840000    366.777706     4.171635
   -8.820000    351.541584     4.171556
   -8.800000    336.634399     4.171465
   -8.780000    322.056086     4.171358
   -8.760000    307.806573     4.171235
   -8.740000    293.885785     4.171092
   -8.720000    280.293639     4.170926
   -8.700000    267.030047     4.170733
   -8.680000    254.094914     4.170510
   -8.660000    241.488140     4.170250
   -8.640000    229.209615     4.169949
   -8.620000    217.259223     4.169600
   -8.600000    205.636840     4.169196
   -8.580000    194.342333     4.168727
   -8.560000    183.375558     4.168185
   -8.540000    172.736363     4.167556
   -8.520000    162.424586     4.166828
   -8.500000    152.440052     4.165985
   -8.480000    142.782577     4.165009
   -8.460000    133.451962     4.163881
   -8.440000    124.447996     4.162576
   -8.420000    115.770454     4.161068
   -8.400000    107.419095     4.159325
   -8.380000     99.393662     4.157310
   -8.360000     91.693880     4.154983
   -8.340000     84.319453     4.152293
   -8.320000     77.270065     4.149187
   -8.300000     70.545373     4.145596
   -8.280000     64.145006     4.141445
   -8.260000     58.068560     4.136642
   -8.240000     52.315591     4.131080
   -8.220000     46.885609     4.124627
   -8.200000     41.778063     4.117124
   -8.180000     36.992331     4.108373
   -8.160000     32.527699     4.098121
   -8.140000     28.383329     4.086042
   -8.120000     24.558220     4.071693
   -8.100000     21.051143     4.054466
   -8.080000     17.860546     4.033492
   -8.060000     14.984406     4.007495
   -8.040000     12.419999     3.974561
   -8.020000     10.163534     3.931771
   -8.000000      8.209584     3.874651
   -7.980000      6.550214     3.796404
   -7.960000      5.173674     3.686980
   -7.940000      4.062589     3.532327
   -7.920000      3.191734     3.314795
   -7.900000      2.526013     3.016540
   -7.880000      2.020124     2.627936
   -7.860000      1.622243     2.159812
   -7.840000      1.283209     1.650738
   -7.820000      0.968848     1.157649
   -7.800000      0.668726     0.734308
   -7.780000      0.395546     0.427147
   -7.760000      0.175907     0.312218
   -7.740000      0.037821     0.392976
   -7.720000      0.000000     0.524095
   -7.700000      0.065291     0.646039
   -7.680000      0.219120     0.751652
   -7.660000      0.433936     0.843566
   -7.640000      0.679971     0.924805
   -7.620000      0.938589     0.997266
   -7.600000      1.209642     1.061401
   -7.580000      1.507189     1.115991
   -7.560000      1.847930     1.159108
   -7.540000      2.241294     1.189831
   -7.520000      2.686028     1.209203
   -7.500000      3.173208     1.219826
   -7.480000      3.693385     1.224554
   -7.460000      4.243891     1.225171
   -7.440000      4.831484     1.221866
   -7.420000      5.468355     1.213738
   -7.400000      6.164413     1.200085
   -7.380000      6.920467     1.181949
   -7.360000      7.724511     1.163232
   -7.340000      8.550807     1.150319
   -7.320000      9.361933     1.148715
   -7.300000     10.116818     1.157883
   -7.280000     10.787708     1.171290
   -7.260000     11.379154     1.183952
   -7.240000     11.931874     1.195425
   -7.220000     12.505410     1.204540
   -7.200000     13.154363     1.207472
   -7.180000     13.912522     1.201419
   -7.160000     14.785230     1.188564
   -7.140000     15.744671     1.178238
   -7.120000     16.728744     1.183481
   -7.100000     17.655463     1.206224
   -7.080000     18.463176     1.228390
   -7.060000     19.150080     1.234457
   -7.040000     19.765117     1.229714
   -7.020000     20.361411     1.226991
   -7.000000     20.965102     1.233511
   -6.980000     21.576848     1.249983
   -6.960000     22.189910     1.273184
   -6.940000     22.804851     1.298768
   -6.920000     23.429879     1.323058
   -6.900000     24.070414     1.342898
   -6.880000     24.719662     1.355126
   -6.860000     25.358004     1.357174
   -6.840000     25.961678     1.348689
   -6.820000     26.516492     1.332965
   -6.800000     27.028947     1.316470
   -6.780000     27.526750     1.306144
   -6.760000     28.047614     1.306807
   -6.740000     28.624141     1.320834
   -6.720000     29.273403     1.349319
   -6.700000     29.993989     1.393003
   -6.680000     30.769020     1.452698
   -6.660000     31.572461     1.529425
   -6.640000     32.375772     1.623386
   -6.620000     33.152138     1.730541
   -6.600000     33.878135     1.838599
   -6.580000     34.535707     1.927597
   -6.560000     35.115948     1.977665
   -6.540000     35.621616     1.979115
   -6.520000     36.065387     1.937226
   -6.500000     36.465795     1.869535
   -6.480000     36.843619     1.798255
   -6.460000     37.217940     1.741249
   -6.440000     37.601121     1.705798
   -6.420000     37.995881     1.688317
   -6.400000     38.398669     1.679949
   -6.380000     38.808786     1.674625
   -6.360000     39.236169     1.673730
   -6.340000     39.699879     1.684248
   -6.320000     40.216526     1.713455
   -6.300000     40.785176     1.763107
   -6.280000     41.377238     1.822550
   -6.260000     41.941214     1.866059
   -6.240000     42.429834     1.868705
   -6.220000     42.834911     1.833840
   -6.200000     43.192998     1.793108
   -6.180000     43.554968     1.777730
   -6.160000     43.955013     1.801353
   -6.140000     44.402354     1.862577
   -6.120000     44.889871     1.952279
   -6.100000     45.405692     2.059509
   -6.080000     45.938384     2.174152
   -6.060000     46.474799     2.285104
   -6.040000     46.997248     2.377749
   -6.020000     47.486733     2.437099
   -6.000000     47.931289     2.455951
   -5.980000     48.331946     2.439179
   -5.960000     48.701528     2.399983
   -5.940000     49.059254     2.354097
   -5.920000     49.425747     2.317064
   -5.900000     49.819034     2.303042
   -5.880000     50.249887     2.322512
   -5.860000     50.716407     2.378670
   -5.840000     51.200448     2.463582
   -5.820000     51.670686     2.556664
   -5.800000     52.095943     2.630928
   -5.780000     52.463033     2.668002
   -5.760000     52.783208     2.668175
   -5.740000     53.079791     2.643136
   -5.720000     53.370162     2.601681
   -5.700000     53.658489     2.544355
   -5.680000     53.941745     2.469305
   -5.660000     54.219874     2.381204
   -5.640000     54.499547     2.293825
   -5.620000     54.788990     2.224438
   -5.600000     55.090606     2.186275
   -5.580000     55.399295     2.184021
   -5.560000     55.708192     2.212837
   -5.540000     56.016695     2.261159
   -5.520000     56.333742     2.317471
   -5.500000     56.674038     2.378055
   -5.480000     57.050805     2.450576
   -5.460000     57.469406     2.550726
   -5.440000     57.923570     2.692586
   -5.420000     58.394742     2.876008
   -5.400000     58.855806     3.077879
   -5.380000     59.279677     3.256520
   -5.360000     59.649275     3.371102
   -5.340000     59.962197     3.402108
   -5.320000     60.227160     3.356082
   -5.300000     60.456542     3.255033
   -5.280000     60.661009     3.122918
   -5.260000     60.848210     2.977555
   -5.240000     61.024375     2.829300
   -5.220000     61.197211     2.685004
   -5.200000     61.378315     2.553693
   -5.180000     61.583041     2.449210
   -5.160000     61.826783     2.387687
   -5.140000     62.119102     2.382310
   -5.120000     62.458827     2.438446
   -5.100000     62.833156     2.550182
   -5.080000     63.222134     2.699954
   -5.060000     63.606694     2.863790
   -5.040000     63.975155     3.019883
   -5.020000     64.323901     3.153364
   -5.000000     64.653739     3.255520
   -4.980000     64.967285     3.323886
   -4.960000     65.269513     3.366197
   -4.940000     65.568282     3.401396
   -4.920000     65.871107     3.451181
   -4.900000     66.178920     3.525681
   -4.880000     66.481660     3.612863
   -4.860000     66.760759     3.679996
   -4.840000     66.999457     3.691261
   -4.820000     67.194765     3.633120
   -4.800000     67.361109     3.525290
   -4.780000     67.522521     3.406917
   -4.760000     67.700741     3.314351
   -4.740000     67.907745     3.269192
   -4.720000     68.144811     3.278286
   -4.700000     68.405384     3.337745
   -4.680000     68.678376     3.434747
   -4.660000     68.950588     3.546547
   -4.640000     69.209123     3.641534
   -4.620000     69.444844     3.688160
   -4.600000     69.655852     3.670313
   -4.580000     69.848485     3.597613
   -4.560000     70.034732     3.500765
   -4.540000     70.227476     3.415853
   -4.520000     70.435769     3.369766
   -4.500000     70.661782     3.373824
   -4.480000     70.900383     3.424369
   -4.460000     71.141722     3.506682
   -4.440000     71.375979     3.600450
   -4.420000     71.597749     3.686056
   -4.400000     71.807055     3.749776
   -4.380000     72.006236     3.785397
   -4.360000     72.195589     3.792034
   -4.340000     72.372104     3.771209
   -4.320000     72.533063     3.726526
   -4.300000     72.681532     3.665906
   -4.280000     72.828325     3.602691
   -4.260000     72.987998     3.552592
   -4.240000     73.171740     3.527931
   -4.220000     73.382114     3.533343
   -4.200000     73.612671     3.565591
   -4.180000     73.852253     3.617079
   -4.160000     74.091006     3.679944
   -4.140000     74.323955     3.747000
   -4.120000     74.550411     3.809459
   -4.100000     74.771525     3.856235
   -4.080000     74.989185     3.878395
   -4.060000     75.206311     3.875623
   -4.040000     75.426171     3.858020
   -4.020000     75.649819     3.840879
   -4.000000     75.873898     3.836572
   -3.980000     76.091601     3.849371
   -3.960000     76.296699     3.875895
   -3.940000     76.487239     3.909112
   -3.920000     76.665806     3.941650
   -3.900000     76.837079     3.967046
   -3.880000     77.005841     3.981249
   -3.860000     77.176842     3.985446
   -3.840000     77.354946     3.987566
   -3.820000     77.543924     3.999476
   -3.800000     77.744605     4.030743
   -3.780000     77.954438     4.083498
   -3.760000     78.169255     4.152429
   -3.740000     78.385638     4.229034
   -3.720000     78.601461     4.305146
   -3.700000     78.813898     4.372843
   -3.680000     79.016759     4.423108
   -3.660000     79.200268     4.447067
   -3.640000     79.355283     4.440982
   -3.620000     79.480219     4.411773
   -3.600000     79.585047     4.376716
   -3.580000     79.687790     4.354710
   -3.560000     79.805566     4.355412
   -3.540000     79.946708     4.374405
   -3.520000     80.108658     4.396057
   -3.500000     80.281837     4.401083
   -3.480000     80.456394     4.375395
   -3.460000     80.627407     4.316373
   -3.440000     80.795545     4.233183
   -3.420000     80.963930     4.141810
   -3.400000     81.134510     4.059243
   -3.380000     81.306588     3.999820
   -3.360000     81.477594     3.972864
   -3.340000     81.644704     3.980144
   -3.320000     81.806252     4.014377
   -3.300000     81.962716     4.061737
   -3.280000     82.117128     4.108739
   -3.260000     82.274332     4.149349
   -3.240000     82.438929     4.187052
   -3.220000     82.612971     4.230614
   -3.200000     82.795022     4.287239
   -3.180000     82.981295     4.358059
   -3.160000     83.167990     4.438269
   -3.140000     83.352871     4.520096
   -3.120000     83.534644     4.595119
   -3.100000     83.710682     4.654799
   -3.080000     83.875465     4.691032
   -3.060000     84.021964     4.698590
   -3.040000     84.145646     4.678787
   -3.020000     84.247991     4.641011
   -3.000000     84.336464     4.599519
   -2.980000     84.420989     4.567280
   -2.960000     84.509713     4.550905
   -2.940000     84.606508     4.549025
   -2.920000     84.710852     4.554625
   -2.900000     84.819490     4.560454
   -2.880000     84.928932     4.564529
   -2.860000     85.037825     4.572021
   -2.840000     85.148262     4.592379
   -2.820000     85.265335     4.633757
   -2.800000     85.395030     4.698043
   -2.780000     85.541397     4.778846
   -2.760000     85.704387     4.862783
   -2.740000     85.879495     4.933179
   -2.720000     86.059442     4.975715
   -2.700000     86.236980     4.985079
   -2.680000     86.407109     4.968917
   -2.660000     86.567518     4.944697
   -2.640000     86.717573     4.930157
   -2.620000     86.857241     4.933880
   -2.600000     86.986937     4.952205
   -2.580000     87.107995     4.973473
   -2.560000     87.222726     4.985798
   -2.540000     87.333535     4.983019
   -2.520000     87.441632     4.965984
   -2.500000     87.546550     4.940443
   -2.480000     87.647153     4.914394
   -2.460000     87.743487     4.895874
   -2.440000     87.837920     4.890451
   -2.420000     87.934665     4.898690
   -2.400000     88.038177     4.915609
   -2.380000     88.151711     4.933165
   -2.360000     88.276763     4.944001
   -2.340000     88.413288     4.943856
   -2.320000     88.560165     4.932035
   -2.300000     88.715489     4.911002
   -2.280000     88.876542     4.885845
   -2.260000     89.039596     4.863278
   -2.240000     89.199918     4.849917
   -2.220000     89.352323     4.850279
   -2.200000     89.492342     4.865337
   -2.180000     89.617666     4.892242
   -2.160000     89.729170     4.925467
   -2.140000     89.830806     4.958917
   -2.120000     89.928213     4.987670
   -2.100000     90.026745     5.008430
   -2.080000     90.129972     5.019270
   -2.060000     90.239233     5.019760
   -2.040000     90.354118     5.011454
   -2.020000     90.473448     4.997756
   -2.000000     90.596300     4.982710
   -1.980000     90.722618     4.969381
   -1.960000     90.852891     4.958964
   -1.940000     90.986850     4.951079
   -1.920000     91.121981     4.944895
   -1.900000     91.253094     4.940156
   -1.880000     91.373620     4.937414
   -1.860000     91.478139     4.937577
   -1.840000     91.564693     4.941406
   -1.820000     91.635559     4.949122
   -1.800000     91.696237     4.960175
   -1.780000     91.753483     4.973417
   -1.760000     91.813453     4.987486
   -1.740000     91.880501     5.000804
   -1.720000     91.956671     5.011415
   -1.700000     92.041834     5.017327
   -1.680000     92.134495     5.017258
   -1.660000     92.233103     5.011039
   -1.640000     92.337289     4.999656
   -1.620000     92.448133     4.985386
   -1.600000     92.566972     4.971829
   -1.580000     92.693364     4.963045
   -1.560000     92.823724     4.961608
   -1.540000     92.951898     4.966516
   -1.520000     93.071576     4.972689
   -1.500000     93.178945     4.973334
   -1.480000     93.273875     4.964257
   -1.460000     93.359241     4.946895
   -1.440000     93.439220     4.927217
   -1.420000     93.517634     4.911193
   -1.400000     93.596838     4.900747
   -1.380000     93.677308     4.893493
   -1.360000     93.757930     4.885960
   -1.340000     93.836852     4.877244
   -1.320000     93.912569     4.870130
   -1.300000     93.984823     4.868993
   -1.280000     94.054955     4.876412
   -1.260000     94.125567     4.891387
   -1.240000     94.199682     4.910395
   -1.220000     94.279881     4.929689
   -1.200000     94.367854     4.946519
   -1.180000     94.464422     4.958857
   -1.160000     94.569626     4.965042
   -1.140000     94.682463     4.964328
   -1.120000     94.800384     4.957762
   -1.100000     94.919110     4.948196
   -1.080000     95.033243     4.939053
   -1.060000     95.137632     4.932748
   -1.040000     95.229034     4.929914
   -1.020000     95.307468     4.929653
   -1.000000     95.376662     4.930036
   -0.980000     95.443002     4.928228
   -0.960000     95.512956     4.920842
   -0.940000     95.590034     4.905559
   -0.920000     95.673125     4.883516
   -0.900000     95.757554     4.860065
   -0.880000     95.838444     4.842128
   -0.860000     95.914113     4.833651
   -0.840000     95.987024     4.832826
   -0.820000     96.061784     4.833261
   -0.800000     96.142094     4.828066
   -0.780000     96.228872     4.813962
   -0.760000     96.320300     4.792783
   -0.740000     96.412962     4.769737
   -0.720000     96.503008     4.749986
   -0.700000     96.587054     4.735898
   -0.680000     96.663143     4.726434
   -0.660000     96.731691     4.718615
   -0.640000     96.795671     4.709839
   -0.620000     96.859533     4.699530
   -0.600000     96.927413     4.689317
   -0.580000     97.001773     4.681984
   -0.560000     97.083007     4.680055
   -0.540000     97.169698     4.684718
   -0.520000     97.259031     4.695432
   -0.500000     97.347343     4.710197
   -0.480000     97.430973     4.726279
   -0.460000     97.507237     4.741049
   -0.440000     97.575063     4.752510
   -0.420000     97.635003     4.759139
   -0.400000     97.688831     4.759368
   -0.380000     97.738978     4.751581
   -0.360000     97.787930     4.735022
   -0.340000     97.837727     4.711024
   -0.320000     97.889737     4.683585
   -0.300000     97.944692     4.658657
   -0.280000     98.002719     4.642293
   -0.260000     98.063251     4.638409
   -0.240000     98.125115     4.647237
   -0.220000     98.187173     4.665300
   -0.200000     98.249325     4.686954
   -0.180000     98.313054     4.706315
   -0.160000     98.380853     4.718447
   -0.140000     98.454707     4.720071
   -0.120000     98.534672     4.710504
   -0.100000     98.618563     4.692400
   -0.080000     98.702981     4.670876
   -0.060000     98.784883     4.650818
   -0.040000     98.862551     4.634578
   -0.020000     98.935533     4.622140
    0.000000     99.004160     4.612842
    0.020000     99.069402     4.606267
    0.040000     99.132985     4.601465
    0.060000     99.197027     4.595843
    0.080000     99.262985     4.585515
    0.100000     99.330637     4.567404
    0.120000     99.398080     4.541474
    0.140000     99.462894     4.511115
    0.160000     99.523631     4.481594
    0.180000     99.580567     4.458077
    0.200000     99.635292     4.444213
    0.220000     99.689549     4.440961
    0.240000     99.744079     4.445543
    0.260000     99.798038     4.451504
    0.280000     99.849197     4.451090
    0.300000     99.894879     4.439525
    0.320000     99.933391     4.418441
    0.340000     99.965382     4.395588
    0.360000     99.994302     4.380871
    0.380000    100.025488     4.381566
    0.400000    100.064300     4.399357
    0.420000    100.114293     4.429740
    0.440000    100.176170     4.463491
    0.460000    100.247644     4.489949
    0.480000    100.324133     4.501275
    0.500000    100.400189     4.495729
    0.520000    100.471347     4.478196
    0.540000    100.535511     4.457711
    0.560000    100.593020     4.443227
    0.580000    100.645388     4.439325
    0.600000    100.693824     4.443943
    0.620000    100.738659     4.449724
    0.640000    100.779975     4.448434
    0.660000    100.818673     4.435591
    0.680000    100.856973     4.412429
    0.700000    100.897836     4.384496
    0.720000    100.943614     4.358300
    0.740000    100.994814     4.337955
    0.760000    101.049768     4.323329
    0.780000    101.105441     4.310671
    0.800000    101.158859     4.295660
    0.820000    101.208377     4.277031
    0.840000    101.254214     4.258054
    0.860000    101.298221     4.244773
    0.880000    101.343115     4.242560
    0.900000    101.391441     4.253553
    0.920000    101.444605     4.276038
    0.940000    101.502371     4.305105
    0.960000    101.563023     4.333660
    0.980000    101.623970     4.353893
    1.000000    101.682405     4.359596
    1.020000    101.735862     4.348771
    1.040000    101.782830     4.324893
    1.060000    101.823408     4.295552
    1.080000    101.859610     4.269062
    1.100000    101.894876     4.251051
    1.120000    101.932795     4.242723
    1.140000    101.975598     4.241000
    1.160000    102.023040     4.239913
    1.180000    102.072169     4.232798
    1.200000    102.118265     4.214923
    1.220000    102.156818     4.185444
    1.240000    102.185711     4.147355
    1.260000    102.206420     4.105557
    1.280000    102.223427     4.065004
    1.300000    102.242205     4.030388
    1.320000    102.266904     4.006583
    1.340000    102.298876     3.997947
    1.360000    102.336604     4.006151
    1.380000    102.376984     4.028301
    1.400000    102.417330     4.057364
    1.420000    102.457025     4.085056
    1.440000    102.497822     4.105347
    1.460000    102.542564     4.116166
    1.480000    102.593152     4.118293
    1.500000    102.649081     4.112823
    1.520000    102.707467     4.099604
    1.540000    102.764560     4.077807
    1.560000    102.817738     4.047433
    1.580000    102.866430     4.009977
    1.600000    102.911156     3.967777
    1.620000    102.951576     3.923111
    1.640000    102.985671     3.878082
    1.660000    103.011259     3.835308
    1.680000    103.028711     3.798383
    1.700000    103.042272     3.770979
    1.720000    103.058680     3.755044
    1.740000    103.084230     3.750075
    1.760000    103.122455     3.754373
    1.780000    103.173492     3.766438
    1.800000    103.234618     3.784257
    1.820000    103.301042     3.803027
    1.840000    103.366679     3.814433
    1.860000    103.425409     3.809816
    1.880000    103.473016     3.785856
    1.900000    103.508804     3.748304
    1.920000    103.535395     3.710124
    1.940000    103.556537     3.684788
    1.960000    103.574601     3.679304
    1.980000    103.589783     3.691591
    2.000000    103.601519     3.713806
    2.020000    103.610699     3.738618
    2.040000    103.620599     3.762688
    2.060000    103.635658     3.784915
    2.080000    103.659124     3.802695
    2.100000    103.691439     3.810793
    2.120000    103.730465     3.804030
    2.140000    103.773066     3.781152
    2.160000    103.816736     3.746202
    2.180000    103.860237     3.706248
    2.200000    103.903118     3.667603
    2.220000    103.944669     3.633528
    2.240000    103.982902     3.604522
    2.260000    104.014199     3.580253
    2.280000    104.034118     3.561208
    2.300000    104.039360     3.548521
    2.320000    104.030029     3.542271
    2.340000    104.010873     3.540701
    2.360000    103.990536     3.542015
    2.380000    103.978794     3.546716
    2.400000    103.982762     3.557627
    2.420000    104.003762     3.577731
    2.440000    104.036707     3.607749
    2.460000    104.072843     3.644399
    2.480000    104.104663     3.679865
    2.500000    104.129778     3.703553
    2.520000    104.150915     3.706116
    2.540000    104.172238     3.683587
    2.560000    104.195195     3.639405
    2.580000    104.217093     3.583459
    2.600000    104.233281     3.528215
    2.620000    104.240992     3.483262
    2.640000    104.241677     3.451319
    2.660000    104.240149     3.428788
    2.680000    104.241821     3.410755
    2.700000    104.250653     3.396268
    2.720000    104.268930     3.389004
    2.740000    104.297870     3.392518
    2.760000    104.337531     3.404628
    2.780000    104.385730     3.416460
    2.800000    104.437079     3.417223
    2.820000    104.483374     3.400793
    2.840000    104.515744     3.368983
    2.860000    104.527822     3.329603
    2.880000    104.518344     3.291841
    2.900000    104.491536     3.262793
    2.920000    104.454964     3.246258
    2.940000    104.416354     3.242202
    2.960000    104.381400     3.246150
    2.980000    104.353409     3.250267
    3.000000    104.334062     3.247191
    3.020000    104.324056     3.234155
    3.040000    104.323062     3.214253
    3.060000    104.329387     3.194613
    3.080000    104.340200     3.183290
    3.100000    104.352692     3.186309
    3.120000    104.365523     3.205852
    3.140000    104.379282     3.239734
    3.160000    104.395175     3.281108
    3.180000    104.412768     3.318363
    3.200000    104.428756     3.337526
    3.220000    104.438221     3.328575
    3.240000    104.437788     3.292002
    3.260000    104.428186     3.239089
    3.280000    104.414018     3.184724
    3.300000    104.401046     3.139750
    3.320000    104.393328     3.109223
    3.340000    104.392168     3.095344
    3.360000    104.396815     3.099599
    3.380000    104.405421     3.120927
    3.400000    104.415145     3.151819
    3.420000    104.421820     3.177721
    3.440000    104.420473     3.182899
    3.460000    104.407137     3.159147
    3.480000    104.380849     3.110048
    3.500000    104.344248     3.047738
    3.520000    104.302526     2.986053
    3.540000    104.261800     2.935100
    3.560000    104.227901     2.898838
    3.580000    104.205477     2.875380
    3.600000    104.196859     2.859412
    3.620000    104.200720     2.845589
    3.640000    104.211395     2.831547
    3.660000    104.219959     2.819168
    3.680000    104.217325     2.812806
    3.700000    104.198130     2.815009
    3.720000    104.163107     2.823423
    3.740000    104.118206     2.832400
    3.760000    104.071005     2.838072
    3.780000    104.026975     2.842224
    3.800000    103.988147     2.852121
    3.820000    103.954605     2.876706
    3.840000    103.926853     2.921342
    3.860000    103.906588     2.983573
    3.880000    103.895307     3.052036
    3.900000    103.892409     3.109643
    3.920000    103.894652     3.140405
    3.940000    103.897251     3.136735
    3.960000    103.895661     3.102328
    3.980000    103.887071     3.048416
    4.000000    103.871049     2.987162
    4.020000    103.849049     2.927685
    4.040000    103.822909     2.875771
    4.060000    103.793308     2.834779
    4.080000    103.759549     2.806281
    4.100000    103.720943     2.790536
    4.120000    103.678416     2.786850
    4.140000    103.634618     2.793498
    4.160000    103.592462     2.807565
    4.180000    103.553827     2.825800
    4.200000    103.519832     2.846561
    4.220000    103.492058     2.871219
    4.240000    103.472686     2.903135
    4.260000    103.462649     2.943993
    4.280000    103.459255     2.989644
    4.300000    103.455799     3.029041
    4.320000    103.444093     3.048344
    4.340000    103.418230     3.038157
    4.360000    103.376823     2.998740
    4.380000    103.322548     2.939731
    4.400000    103.260021     2.875776
    4.420000    103.193505     2.821572
    4.440000    103.125322     2.787905
    4.460000    103.055562     2.778441
    4.480000    102.983479     2.787802
    4.500000    102.909779     2.803115
    4.520000    102.837712     2.810545
    4.540000    102.771551     2.803736
    4.560000    102.713558     2.787176
    4.580000    102.662087     2.771282
    4.600000    102.612289     2.763960
    4.620000    102.558424     2.765782
    4.640000    102.495892     2.770610
    4.660000    102.422315     2.769125
    4.680000    102.338423     2.753793
    4.700000    102.248904     2.724189
    4.720000    102.161854     2.688987
    4.740000    102.085751     2.661982
    4.760000    102.025170     2.654782
    4.780000    101.977998     2.671344
    4.800000    101.936180     2.707420
    4.820000    101.889599     2.754267
    4.840000    101.830649     2.802880
    4.860000    101.756730     2.845161
    4.880000    101.669719     2.872838
    4.900000    101.573497     2.877912
    4.920000    101.471362     2.855756
    4.940000    101.364477     2.807988
    4.960000    101.251666     2.742002
    4.980000    101.130344     2.666823
    5.000000    100.998279     2.587933
    5.020000    100.855693     2.505102
    5.040000    100.706736     2.415820
    5.060000    100.559234     2.322014
    5.080000    100.422408     2.233691
    5.100000    100.303625     2.165685
    5.120000    100.205777     2.130092
    5.140000    100.126473     2.129848
    5.160000    100.059369     2.157434
    5.180000     99.997035     2.199872
    5.200000     99.933831     2.246914
    5.220000     99.867096     2.295804
    5.240000     99.796184     2.348752
    5.260000     99.720684     2.406438
    5.280000     99.639618     2.463739
    5.300000     99.552001     2.511138
    5.320000     99.457503     2.540871
    5.340000     99.356015     2.552774
    5.360000     99.246500     2.554008
    5.380000     99.126762     2.552253
    5.400000     98.994927     2.549140
    5.420000     98.851428     2.540694
    5.440000     98.699583     2.523712
    5.460000     98.544400     2.501403
    5.480000     98.390869     2.483538
    5.500000     98.242848     2.481298
    5.520000     98.102491     2.500418
    5.540000     97.969782     2.537007
    5.560000     97.842324     2.578839
    5.580000     97.715701     2.611812
    5.600000     97.584448     2.627978
    5.620000     97.443344     2.630192
    5.640000     97.288642     2.630141
    5.660000     97.118549     2.640365
    5.680000     96.932279     2.664971
    5.700000     96.728331     2.695686
    5.720000     96.504180     2.717395
    5.740000     96.258820     2.720164
    5.760000     95.996321     2.708194
    5.780000     95.726606     2.698294
    5.800000     95.462079     2.710154
    5.820000     95.212748     2.756501
    5.840000     94.983165     2.838473
    5.860000     94.771973     2.946290
    5.880000     94.572819     3.062519
    5.900000     94.375640     3.166009
    5.920000     94.168568     3.237331
    5.940000     93.941075     3.266578
    5.960000     93.687648     3.259837
    5.980000     93.409767     3.237872
    6.000000     93.114563     3.226000
    6.020000     92.811183     3.242423
    6.040000     92.507586     3.293063
    6.060000     92.209272     3.374312
    6.080000     91.919091     3.478877
    6.100000     91.636642     3.599077
    6.120000     91.357260     3.725674
    6.140000     91.072215     3.845057
    6.160000     90.771319     3.939450
    6.180000     90.446834     3.992307
    6.200000     90.095969     3.995848
    6.220000     89.720408     3.955149
    6.240000     89.324066     3.886114
    6.260000     88.911378     3.809070
    6.280000     88.486889     3.741685
    6.300000     88.055277     3.694884
    6.320000     87.620701     3.673333
    6.340000     87.185516     3.677968
    6.360000     86.749386     3.706817
    6.380000     86.309873     3.754412
    6.400000     85.864480     3.812857
    6.420000     85.412690     3.875112
    6.440000     84.956101     3.937249
    6.460000     84.496196     3.997048
    6.480000     84.031328     4.050897
    6.500000     83.555370     4.093676
    6.520000     83.059477     4.123363
    6.540000     82.536352     4.145893
    6.560000     81.984425     4.173761
    6.580000     81.409153     4.218109
    6.600000     80.820787     4.281608
    6.620000     80.230514     4.358668
    6.640000     79.647172     4.441408
    6.660000     79.075234     4.524456
    6.680000     78.513676     4.604226
    6.700000     77.955723     4.674655
    6.720000     77.390360     4.725105
    6.740000     76.806293     4.744866
    6.760000     76.197036     4.732527
    6.780000     75.563721     4.701676
    6.800000     74.913159     4.675822
    6.820000     74.252433     4.675150
    6.840000     73.583914     4.704061
    6.860000     72.903696     4.747148
    6.880000     72.203971     4.777118
    6.900000     71.477855     4.771650
    6.920000     70.723907     4.728425
    6.940000     69.947529     4.667278
    6.960000     69.158255     4.618805
    6.980000     68.364648     4.608996
    7.000000     67.569642     4.649176
    7.020000     66.768467     4.733487
    7.040000     65.950052     4.842055
    7.060000     65.101554     4.948896
    7.080000     64.213852     5.033562
    7.100000     63.284663     5.091666
    7.120000     62.317695     5.137964
    7.140000     61.320025     5.200932
    7.160000     60.300757     5.313388
    7.180000     59.270506     5.503253
    7.200000     58.237688     5.783527
    7.220000     57.199221     6.135906
    7.240000     56.129556     6.486716
    7.260000     54.979715     6.700955
    7.280000     53.699697     6.649903
    7.300000     52.276217     6.330699
    7.320000     50.745643     5.874861
    7.340000     49.163478     5.416488
    7.360000     47.564979     5.000168
    7.380000     45.948466     4.593423
    7.400000     44.282094     4.141428
    7.420000     42.526202     3.622907
    7.440000     40.661665     3.080666
    7.460000     38.707190     2.596870
    7.480000     36.713412     2.232889
    7.500000     34.742281     1.996686
    7.520000     32.848989     1.858779
    7.540000     31.073775     1.783354
    7.560000     29.441465     1.744595
    7.580000     27.964965     1.727587
    7.600000     26.650325     1.723960
    7.620000     25.501965     1.728163
    7.640000     24.526767     1.735793
    7.660000     23.736014     1.743480
    7.680000     23.144931     1.749241
    7.700000     22.770693     1.752490
    7.720000     22.630165     1.753613
    7.740000     22.738287     1.753420
    7.760000     23.107356     1.752750
    7.780000     23.747008     1.752275
    7.800000     24.664579     1.752459
    7.820000     25.865603     1.753571
    7.840000     27.354286     1.755732
    7.860000     29.133902     1.758946
    7.880000     31.207081     1.763131
    7.900000     33.576010     1.768136
    7.920000     36.242550     1.773751
    7.940000     39.208298     1.779711
    7.960000     42.474594     1.785701
    7.980000     46.042506     1.791355
    8.000000     49.912797     1.796261
    8.020000     54.085883     1.799964
    8.040000     58.561794     1.801986
    8.060000     63.340154     1.801854
    8.080000     68.420169     1.799140
    8.100000     73.800664     1.793528
    8.120000     79.480138     1.784883
    8.140000     85.456885     1.773327
    8.160000     91.729135     1.759299
    8.180000     98.295254     1.743565
    8.200000    105.153946     1.727164
    8.220000    112.304451     1.711285
    8.240000    119.746698     1.697077
    8.260000    127.481385     1.685463
    8.280000    135.509981     1.676992
    8.300000    143.834633     1.671791
    8.320000    152.458018     1.669607
    8.340000    161.383153     1.669929
    8.360000    170.613212     1.672119
    8.380000    180.151348     1.675543
    8.400000    190.000574     1.679643
    8.420000    200.163661     1.683984
    8.440000    210.643096     1.688255
    8.460000    221.441061     1.692257
    8.480000    232.559434     1.695877
    8.500000    243.999809     1.699071
    8.520000    255.763526     1.701834
    8.540000    267.851702     1.704189
    8.560000    280.265257     1.706174
    8.580000    293.004951     1.707832
    8.600000    306.071406     1.709208
    8.620000    319.465128     1.710343
    8.640000    333.186532     1.711275
    8.660000    347.235957     1.712039
    8.680000    361.613678     1.712663
    8.700000    376.319918     1.713172
    8.720000    391.354863     1.713586
    8.740000    406.718660     1.713923
    8.760000    422.411434     1.714196
    8.780000    438.433285     1.714419
    8.800000    454.784296     1.714599
    8.820000    471.464536     1.714746
    8.840000    488.474063     1.714864
    8.860000    505.812924     1.714961
    8.880000    523.481160     1.715039
    8.900000    541.478804     1.715103
    8.920000    559.805887     1.715154
    8.940000    578.462433     1.715196
    8.960000    597.448464     1.715230
    8.980000    616.763998     1.715258
    9.000000    636.409052     1.715280
    9.020000    656.383642     1.715299
    9.040000    676.687780     1.715313
    9.060000    697.321479     1.715325
    9.080000    718.284750     1.715335
    9.100000    739.577602     1.715343
    9.120000    761.200046     1.715350
    9.140000    783.152090     1.715355
    9.160000    805.433741     1.715359
    9.180000    828.045009     1.715363
    9.200000    850.985900     1.715365
    9.220000    874.256421     1.715368
    9.240000    897.856579     1.715370
    9.260000    921.786379     1.715371
    9.280000    946.045830     1.715372
    9.300000    970.634935     1.715373
    9.320000    995.553701     1.715374
    9.340000   1020.802133     1.715375
    9.360000   1046.380236     1.715375
    9.380000   1072.288016     1.715376
    9.400000   1098.525478     1.715376
    9.420000   1125.092625     1.715377
    9.440000   1151.989463     1.715377
    9.460000   1179.215997     1.715377
    9.480000   1206.772229     1.715377
    9.500000   1234.658166     1.715377
    9.520000   1262.873810     1.715377
    9.540000   1291.419166     1.715377
    9.560000   1320.294238     1.715378
    9.580000   1349.499028     1.715378
    9.600000   1379.033542     1.715378
    9.620000   1408.897781     1.715378
    9.640000   1439.091750     1.715378
    9.660000   1469.615452     1.715378
    9.680000   1500.468890     1.715378
    9.700000   1531.652067     1.715378
    9.720000   1563.164986     1.715378
    9.740000   1595.007650     1.715378
    9.760000   1627.180062     1.715378
    9.780000   1659.682224     1.715378
    9.800000   1692.514139     1.715378
    9.820000   1725.675810     1.715378
    9.840000   1759.167238     1.715378
    9.860000   1792.988427     1.715378
    9.880000   1827.139377     1.715376
    9.900000           inf          inf
    9.920000           inf          inf
    9.940000           inf          inf
    9.960000           inf          inf
    9.980000           inf          inf
   10.000000           inf          inf
